 -0.9994927755360355    
 -0.9973284289622319    
 -0.9934385365788927    
 -0.9878289667675247    
 -0.9805093245974167    
 -0.9714922563430640    
 -0.9607933637418929    
 -0.9484311650792879    
 -0.9344270599641072    
 -0.9188052912283946    
 -0.9015929025484470    
 -0.8828196914478955    
 -0.8625181576268837    
 -0.8407234466549582    
 -0.8174732891035414    
 -0.7928079352135639    
 -0.7667700852066414    
 -0.7394048153580322    
 -0.7107594999580407    
 -0.6808837292962694    
 -0.6498292238102624    
 -0.6176497445469262    
 -0.5844010000915784    
 -0.5501405501256460    
 -0.5149277057799170    
 -0.4788234269558034    
 -0.4418902167923480    
 -0.4041920134616537    
 -0.3657940794800360    
 -0.3267628887265263    
 -0.2871660113642975    
 -0.2470719968642349    
 -0.2065502553331597    
 -0.1656709373521379    
 -0.1245048125329002    
 -0.8312314700261121E-01
 -0.4159758002908003E-01
 -0.2625468695589730E-15
  0.4159758002907889E-01
  0.8312314700261138E-01
  0.1245048125329002    
  0.1656709373521375    
  0.2065502553331597    
  0.2470719968642349    
  0.2871660113642973    
  0.3267628887265263    
  0.3657940794800362    
  0.4041920134616538    
  0.4418902167923489    
  0.4788234269558036    
  0.5149277057799171    
  0.5501405501256458    
  0.5844010000915780    
  0.6176497445469262    
  0.6498292238102628    
  0.6808837292962697    
  0.7107594999580409    
  0.7394048153580327    
  0.7667700852066420    
  0.7928079352135636    
  0.8174732891035413    
  0.8407234466549584    
  0.8625181576268832    
  0.8828196914478960    
  0.9015929025484464    
  0.9188052912283939    
  0.9344270599641074    
  0.9484311650792874    
  0.9607933637418925    
  0.9714922563430639    
  0.9805093245974170    
  0.9878289667675245    
  0.9934385365788926    
  0.9973284289622318    
  0.9994927755360354    
