  0.1301591717375723E-02
  0.3027671014606624E-02
  0.4751069185014688E-02
  0.6466464907037480E-02
  0.8170710707328676E-02
  0.9860824916113765E-02
  0.1153387332830406E-01
  0.1318695676282442E-01
  0.1481721228981454E-01
  0.1642181711902423E-01
  0.1799799312564508E-01
  0.1954301152012817E-01
  0.2105419751228281E-01
  0.2252893491386594E-01
  0.2396467065371711E-01
  0.2535891919021664E-01
  0.2670926681012104E-01
  0.2801337580478111E-01
  0.2926898851572566E-01
  0.3047393124221384E-01
  0.3162611800374904E-01
  0.3272355415093367E-01
  0.3376433981833425E-01
  0.3474667321333087E-01
  0.3566885373524049E-01
  0.3652928491929053E-01
  0.3732647720033242E-01
  0.3805905049151345E-01
  0.3872573657343260E-01
  0.3932538128963552E-01
  0.3985694654465537E-01
  0.4031951210114199E-01
  0.4071227717293677E-01
  0.4103456181139224E-01
  0.4128580808246838E-01
  0.4146558103261826E-01
  0.4157356944178178E-01
  0.4160958636214188E-01
  0.4157356944178068E-01
  0.4146558103261950E-01
  0.4128580808246642E-01
  0.4103456181139255E-01
  0.4071227717293657E-01
  0.4031951210114202E-01
  0.3985694654465599E-01
  0.3932538128963532E-01
  0.3872573657343167E-01
  0.3805905049151367E-01
  0.3732647720033103E-01
  0.3652928491929099E-01
  0.3566885373524026E-01
  0.3474667321333094E-01
  0.3376433981833436E-01
  0.3272355415093364E-01
  0.3162611800374932E-01
  0.3047393124221394E-01
  0.2926898851572674E-01
  0.2801337580477945E-01
  0.2670926681012172E-01
  0.2535891919021654E-01
  0.2396467065371756E-01
  0.2252893491386565E-01
  0.2105419751228279E-01
  0.1954301152012778E-01
  0.1799799312564528E-01
  0.1642181711902396E-01
  0.1481721228981532E-01
  0.1318695676282378E-01
  0.1153387332830430E-01
  0.9860824916114841E-02
  0.8170710707327647E-02
  0.6466464907037493E-02
  0.4751069185015546E-02
  0.3027671014606563E-02
  0.1301591717376037E-02
